023154786
230154786
253104786
283154706
320154786
123054786
723154086
032154786
234150786
236154780
253014786
253140786
253184706
283154076
283154760
283104756
302154786
324150786
326154780
123450786
123504786
123754086
723154680
723154806
723054186
132054786
732154086
234105786
234051786
234156780
236154708
236154087
236150784
253410786
253714086
053214786
253041786
253146780
250143786
253184076
253184760
203184756
283154670
083154276
283054176
283154067
280154763
283150764
283014756
283140756
352104786
382154706
324105786
324051786
324156780
326154708
326154087
326150784
123405786
123456780
120453786
123540786
123584706
103524786
123754680
123754806
023754186
723154608
720154683
723150684
723154860
703154826
723104856
723450186
723504186
132450786
132504786
132754086
732154680
732154806
732054186
234015786
234185706
204135786
234501786
234751086
034251786
234156708
234156087
230156784
236154078
206154738
236104758
236154807
036154287
236054187
236105784
236051784
253401786
253416780
250413786
253714680
253714806
053714286
350214786
503214786
753214086
253741086
053241786
253146708
253146087
250146783
205143786
052143786
256143780
253184670
053184276
253084176
253184067
250184763
253180764
023184756
230184756
283154607
280154673
283150674
380154276
803154276
183054276
283450176
283504176
083254176
083154267
283054167
208154763
082154763
284150763
283105764
283051764
280153764
283410756
283714056
083214756
283041756
283146750
280143756
352014786
352140786
352184706
382154076
382154760
382104756
324015786
324185706
304125786
324501786
324751086
024351786
324156708
324156087
320156784
326154078
306154728
326104758
326154807
026154387
326054187
326105784
326051784
123045786
123485706
103425786
